
#Congress/year/# of House Seats/Democrats/Republicans/

35th 1857 237 132 90
36th 1859 238 83 116
37th 1861 183 44 108
38th 1863 184 72 85 
39th 1865 193 38 136 
40th 1867 226 47 173 
41st 1869 243 67 171 
42nd 1871 243 104 136 
43rd 1873 292 88 199
44th 1875 293 182 103
45th 1877 293 155 136 
46th 1879 293 141 132 
47th 1881 293 128 151
48th 1883 325 196 117
49th 1885 325 182 141
50th 1887 325 167 152 
51st 1889 332 152 179
52nd 1891 332 238 86 
53rd 1893 356 218 124
54th 1895 357 93 254 
55th 1897 357 124 206
56th 1899 357 161 187 
57th 1901 357 151 200 
58th 1903 386 176 207 
59th 1905 386 135 251 
60th 1907 391 167 223
61st 1909 391 172 219 
62nd 1911 394 230 162
63rd 1913 435 291 134
64th 1915 435 230 196
65th 1917 435 214 215 
66th 1919 435 192 240
67th 1921 435 131 302
68th 1923 435 207 225 
69th 1925 435 183 247
70th 1927 435 194 238 
71st 1929 435 164 270
72nd 1931 435 216 218 
73rd 1933 435 313 117
74th 1935 435 322 103 
75th 1937 435 334 88
76th 1939 435 262 169
77th 1941 435 267 162
78th 1943 435 222 209
79th 1945 435 242 191
80th 1947 435 188 246
81st 1949 435 263 171 
82nd 1951 435 235 199
83rd 1953 435 213 221
84th 1955 435 232 203
85th 1957 435 234 201 
86th 1959 437 283 153
87th 1961 437 263 174 
88th 1963 435 259 176
89th 1965 435 295 140
90th 1967 435 247 187 
91st 1969 435 243 192 
92nd 1971 435 255 180 
93rd 1973 435 242 192
94th 1975 435 291 144 
95th 1977 435 292 143
96th 1979 435 277 158
97th 1981 435 242 192
98th 1983 435 269 166
99th 1985 435 253 182
100th 1987 435 258 177 
101st 1989 435 260 175
102nd 1991 435 267 167 
103rd 1993 435 258 176
104th 1995 435 204 230
105th 1997 435 206 228
106th 1999 435 211 223
107th 2001 435 212 221
108th 2003 435 205 229
109th 2005 435 202 232
110th 2007 435 233 202
111th 2009 435 257 178
112th 2011 435 193 242

