122.01, 56, -0.03118384618100567, -0.012915384281856568, 122.01
122.01, 329, -0.03317288701649623, 0.005616600007778416, 122.01
122.01, 738, -0.03269061481263247, -0.009699756169109452, 122.01
122.01, 835, -0.03225960566106156, 0.010695521575552647, 122.01
122.01, 1600, -0.033955970333720664, -0.0033700519963686393, 122.01
122.01, 1782, -0.031498034816805465, -0.013938379260953315, 122.01
122.01, 1788, -0.0329297381365814, 0.0085820943982311, 122.01
122.01, 2229, -0.03313095641274977, -0.0060999757070903105, 122.01
122.01, 2413, -0.03215510129694188, 0.010436009554326109, 122.01
122.01, 2482, -0.03391430620760438, -0.0008485415687309872, 122.01
122.01, 2753, -0.03406321016153413, -0.0038214977041896026, 122.01
122.01, 2767, -0.03431851912920614, -0.0016508452738231982, 122.01
122.01, 2980, -0.030522981050077114, -0.014658663660076066, 122.01
122.01, 3072, -0.030242686453391343, 0.015390298030669936, 122.01
122.01, 3296, -0.03139820352992384, -0.013289999469123348, 122.01
122.01, 3516, -0.029843816860472216, -0.01701070751031697, 122.01
122.01, 3722, -0.03391348992329224, 0.00012797244987505438, 122.01
122.01, 3801, -0.03349489503385872, -0.0024328349201039323, 122.01
122.01, 3809, -0.032951439791534476, 0.009636018346524944, 122.01
122.01, 4802, -0.03144336950345483, -0.013054338626806494, 122.01
122.01, 4826, -0.03240313532680439, 0.010860944548205964, 122.01
122.01, 5081, -0.03227233081667524, -0.009935966625340686, 122.01
122.01, 5526, -0.030954730955680354, 0.014314957701136777, 122.01
122.01, 5603, -0.03066712018674078, 0.01483325891403009, 122.01
122.01, 5912, -0.03430684913114934, -0.0029804279349660012, 122.01
122.01, 6330, -0.033493810118102374, -0.008039090110460556, 122.01
122.01, 7151, -0.03300331165416104, -0.0064680719386116525, 122.01
122.01, 7201, -0.03018097032844036, -0.015375449862571777, 122.01
122.01, 8371, -0.03273607709205528, 0.009067793303505711, 122.01
122.01, 8582, -0.034216214932933475, 0.00035358711411712096, 122.01
122.01, 9631, -0.03399172962501584, 0.005575590354118809, 122.01
122.01, 9905, -0.03126508117010118, 0.012365785246432726, 122.01
122.01, 10357, -0.03400821510279872, 0.0034277207360279283, 122.01
122.01, 11118, -0.03363248241664163, -0.005227363845411892, 122.01
122.01, 11568, -0.033884452411709454, -0.00493639148390701, 122.01
122.01, 11639, -0.033069280936906864, 0.009442434290265034, 122.01
122.01, 11828, -0.03300824690709181, 0.008895257166252835, 122.01
122.01, 11881, -0.034371552895279045, -0.0005733941118600816, 122.01
122.01, 12367, -0.03207047486185299, -0.00986204580125305, 122.01
122.01, 12391, -0.030000278565080585, 0.015046860707044196, 122.01
122.01, 12463, -0.033028786325832726, -0.006908278535320722, 122.01
122.01, 12673, -0.034162055380587475, 0.0027092203306060547, 122.01
122.01, 13297, -0.03267447816449742, 0.008979983101654376, 122.01
122.01, 13437, -0.031599577759248376, -0.011209957882859722, 122.01
122.01, 13907, -0.030246457385596948, 0.016029871909684967, 122.01
122.01, 15062, -0.03095021844925583, 0.013656659240297575, 122.01
122.01, 15417, -0.033099492576393, -0.005368160834556379, 122.01
122.01, 15719, -0.03400387906819535, -0.00496814523991429, 122.01
122.01, 15776, -0.03369404777345242, 0.004857090109254503, 122.01
122.01, 15934, -0.03356659814279084, -0.0003900436129385676, 122.01
122.01, 15939, -0.032450823071684454, 0.011549895009556277, 122.01
122.01, 16115, -0.031213120659983495, 0.013502305186155361, 122.01
122.01, 16616, -0.03340923606622148, -0.0030495798652467876, 122.01
122.01, 17293, -0.0330423367715964, 0.00894143661488811, 122.01
122.01, 18217, -0.030680455308296217, -0.014258298303267303, 122.01
122.01, 18228, -0.03070977477293635, -0.014024977592460797, 122.01
122.01, 18712, -0.03285424044564067, -0.008278127384193423, 122.01
122.01, 18762, -0.034405266504785814, 0.0009294723336122912, 122.01
122.01, 18983, -0.030656404258232683, 0.014024525659686926, 122.01
122.01, 20116, -0.03213903298789589, 0.010667448196846063, 122.01
122.01, 20579, -0.03253600531399581, -0.009101976347818841, 122.01
122.01, 20633, -0.03074912523104434, 0.015414696930677874, 122.01
122.01, 21090, -0.033117376353700934, -0.008522528551303976, 122.01
122.01, 21237, -0.03360439788617686, -0.00019964743486555053, 122.01
122.01, 22438, -0.03414920182656278, -0.002130404081673143, 122.01
122.01, 22815, -0.03162478251194667, 0.011564142810025047, 122.01
122.01, 24115, -0.0326637539440382, 0.00802424658469647, 122.01
122.01, 24510, -0.030932947061741878, -0.014832660143044407, 122.01
122.01, 24511, -0.03424217432175869, -0.0035361911110469713, 122.01
122.01, 24725, -0.03431003150995782, 0.00012167955193409172, 122.01
