0.04414580264553487, 0.04414580264553487
0.0060120111059451435, 0.04414580264553487
0.0060120111059451435, 0.13448264660550144
0.0060120111059451435, 0.13448264660550144
0.0060120111059451435, 0.1510064059631011
0.0060120111059451435, 0.1510064059631011
0.0060120111059451435, 0.1510064059631011
0.0060120111059451435, 0.1510064059631011
0.0060120111059451435, 0.1510064059631011
0.0060120111059451435, 0.16345363960052772
0.0060120111059451435, 0.16345363960052772
0.0060120111059451435, 0.16345363960052772
0.0060120111059451435, 0.16345363960052772
0.0060120111059451435, 0.16345363960052772
0.0060120111059451435, 0.16345363960052772
0.0060120111059451435, 0.16345363960052772
0.0060120111059451435, 0.16345363960052772
0.0060120111059451435, 0.16345363960052772
0.0060120111059451435, 0.16345363960052772
0.0060120111059451435, 0.16345363960052772
0.0060120111059451435, 0.16345363960052772
0.0060120111059451435, 0.16345363960052772
0.0060120111059451435, 0.16345363960052772
0.0060120111059451435, 0.16345363960052772
0.0060120111059451435, 0.16345363960052772
0.0060120111059451435, 0.16345363960052772
0.0060120111059451435, 0.16345363960052772
0.0060120111059451435, 0.16345363960052772
0.0060120111059451435, 0.16345363960052772
0.0060120111059451435, 0.16345363960052772
0.0060120111059451435, 0.16345363960052772
0.0060120111059451435, 0.16345363960052772
0.0060120111059451435, 0.16345363960052772
0.0060120111059451435, 0.1793974983360847
0.0060120111059451435, 0.1793974983360847
0.0060120111059451435, 0.1793974983360847
0.0060120111059451435, 0.1793974983360847
0.0060120111059451435, 0.1793974983360847
0.0060120111059451435, 0.1793974983360847
0.0060120111059451435, 0.1793974983360847
0.0060120111059451435, 0.1793974983360847
0.0060120111059451435, 0.1793974983360847
0.0060120111059451435, 0.1793974983360847
0.0060120111059451435, 0.1793974983360847
0.0060120111059451435, 0.1793974983360847
0.0060120111059451435, 0.1793974983360847
0.0060120111059451435, 0.1793974983360847
0.0060120111059451435, 0.1915830784919001
0.0060120111059451435, 0.1915830784919001
0.0060120111059451435, 0.1915830784919001
0.0060120111059451435, 0.1915830784919001
0.0060120111059451435, 0.1915830784919001
0.0060120111059451435, 0.1915830784919001
0.0060120111059451435, 0.1915830784919001
0.0060120111059451435, 0.1915830784919001
0.0060120111059451435, 0.1915830784919001
0.0060120111059451435, 0.1915830784919001
0.0060120111059451435, 0.1915830784919001
0.0060120111059451435, 0.1915830784919001
0.0060120111059451435, 0.1915830784919001
0.0060120111059451435, 0.1915830784919001
0.0060120111059451435, 0.1915830784919001
0.0060120111059451435, 0.1915830784919001
0.0060120111059451435, 0.1915830784919001
0.0060120111059451435, 0.1915830784919001
0.0060120111059451435, 0.1915830784919001
0.0060120111059451435, 0.1915830784919001
0.0060120111059451435, 0.1915830784919001
0.0060120111059451435, 0.1915830784919001
0.0060120111059451435, 0.1915830784919001
0.0060120111059451435, 0.1915830784919001
0.0060120111059451435, 0.1915830784919001
0.0060120111059451435, 0.1915830784919001
0.0060120111059451435, 0.1915830784919001
0.0060120111059451435, 0.1915830784919001
0.0060120111059451435, 0.1915830784919001
0.0060120111059451435, 0.1915830784919001
0.0060120111059451435, 0.1915830784919001
0.0060120111059451435, 0.1915830784919001
0.0060120111059451435, 0.1915830784919001
0.0060120111059451435, 0.1915830784919001
0.0060120111059451435, 0.1915830784919001
0.0060120111059451435, 0.1915830784919001
0.0060120111059451435, 0.1915830784919001
0.0060120111059451435, 0.1915830784919001
0.0002622786144698871, 0.1915830784919001
0.0002622786144698871, 0.1915830784919001
0.0002622786144698871, 0.1915830784919001
0.0002622786144698871, 0.1915830784919001
0.0002622786144698871, 0.1915830784919001
0.0002622786144698871, 0.1915830784919001
0.0002622786144698871, 0.1915830784919001
0.0002622786144698871, 0.1915830784919001
0.0002622786144698871, 0.1915830784919001
0.0002622786144698871, 0.1915830784919001
0.0002622786144698871, 0.1915830784919001
0.0002622786144698871, 0.1915830784919001
0.0002622786144698871, 0.1915830784919001
0.0002622786144698871, 0.1915830784919001
0.0002622786144698871, 0.1915830784919001
0.0002622786144698871, 0.1915830784919001
0.0002622786144698871, 0.1915830784919001
0.0002622786144698871, 0.1915830784919001
0.0002622786144698871, 0.1915830784919001
0.0002622786144698871, 0.1915830784919001
0.0002622786144698871, 0.1915830784919001
0.0002622786144698871, 0.1915830784919001
0.0002622786144698871, 0.1915830784919001
0.0002622786144698871, 0.1915830784919001
0.0002622786144698871, 0.1915830784919001
0.0002622786144698871, 0.1915830784919001
0.0002622786144698871, 0.1915830784919001
0.0002622786144698871, 0.1915830784919001
0.0002622786144698871, 0.1915830784919001
0.0002622786144698871, 0.1915830784919001
0.0002622786144698871, 0.1915830784919001
0.0002622786144698871, 0.1915830784919001
0.0002622786144698871, 0.1915830784919001
0.0002622786144698871, 0.1915830784919001
0.0002622786144698871, 0.1915830784919001
0.0002622786144698871, 0.1915830784919001
0.0002622786144698871, 0.1915830784919001
0.0002622786144698871, 0.1915830784919001
0.0002622786144698871, 0.1915830784919001
0.0002622786144698871, 0.1915830784919001
0.0002622786144698871, 0.1915830784919001
0.0002622786144698871, 0.1915830784919001
0.0002622786144698871, 0.1915830784919001
0.0002622786144698871, 0.1915830784919001
0.0002622786144698871, 0.1915830784919001
0.0002622786144698871, 0.1915830784919001
0.0002622786144698871, 0.1915830784919001
0.0002622786144698871, 0.1915830784919001
0.0002622786144698871, 0.1915830784919001
0.0002622786144698871, 0.1915830784919001
0.0002622786144698871, 0.1915830784919001
0.0002622786144698871, 0.1915830784919001
0.0002622786144698871, 0.1915830784919001
0.0002622786144698871, 0.1915830784919001
0.0002622786144698871, 0.1915830784919001
0.0002622786144698871, 0.1915830784919001
0.0002622786144698871, 0.1915830784919001
0.0002622786144698871, 0.1915830784919001
0.0002622786144698871, 0.1915830784919001
0.0002622786144698871, 0.1915830784919001
0.0002622786144698871, 0.1915830784919001
